FDP-4096-1-1-WAF = 0.595189
FDP-4096-2-1-WAF = 0.540169
FDP-4096-4-1-WAF = 0.490334
FDP-4096-1-2-WAF = 0.442813
FDP-4096-2-2-WAF = 0.388944
FDP-4096-4-2-WAF = 0.338119
FDP-4096-1-4-WAF = 0.274276
FDP-4096-2-4-WAF = 0.216634
FDP-4096-4-4-WAF = 0.159775
FDP-4096-1-8-WAF = 0.0868852
FDP-4096-2-8-WAF = 0.0171405
FDP-4096-4-8-WAF = 0.96949
FDP-4096-1-16-WAF = 0.884072
FDP-4096-2-16-WAF = 0.802854
FDP-4096-4-16-WAF = 0.744769
